# 00981A (統一台股增長主動式 ETF) point-in-time top-300 market-cap UNION
# Membership window: 2025-05-27..2026-06-16; daily rebalance; commons only.
1101
1102
1210
1215
1216
1227
1229
1231
1232
1301
1303
1314
1319
1326
1402
1409
1434
1442
1476
1477
1503
1504
1513
1514
1519
1560
1590
1605
1609
1711
1717
1722
1736
1773
1785
1795
1802
1808
1815
1907
2002
2006
2014
2015
2023
2027
2049
2059
2072
2101
2105
2201
2204
2206
2207
2208
2211
2247
2258
2301
2303
2308
2312
2313
2317
2324
2327
2328
2329
2330
2337
2344
2345
2347
2351
2352
2353
2354
2356
2357
2359
2360
2362
2363
2367
2368
2371
2374
2376
2377
2379
2382
2383
2385
2388
2392
2393
2395
2404
2408
2409
2412
2421
2428
2439
2441
2449
2451
2454
2455
2458
2464
2467
2472
2474
2481
2486
2492
2498
2501
2504
2515
2520
2530
2539
2540
2542
2543
2548
2597
2603
2606
2607
2609
2610
2615
2618
2633
2634
2637
2645
2646
2707
2801
2812
2834
2838
2845
2849
2850
2855
2867
2880
2881
2882
2883
2884
2885
2886
2887
2889
2890
2891
2892
2897
2903
2912
2915
2923
3005
3006
3008
3010
3013
3016
3017
3019
3023
3026
3030
3034
3035
3036
3037
3042
3044
3045
3081
3086
3090
3105
3131
3163
3167
3189
3211
3227
3231
3260
3264
3293
3324
3357
3363
3374
3376
3406
3413
3443
3450
3481
3491
3515
3529
3532
3533
3563
3576
3583
3592
3596
3617
3653
3661
3665
3673
3680
3702
3706
3711
3714
3715
4123
4147
4583
4585
4743
4749
4763
4766
4772
4904
4915
4919
4938
4958
4961
4966
4971
4979
4991
5009
5234
5269
5274
5289
5314
5347
5371
5388
5434
5439
5469
5475
5483
5508
5522
5530
5534
5536
5871
5876
5880
5903
5904
6005
6023
6116
6121
6139
6147
6173
6176
6182
6187
6188
6191
6196
6197
6213
6214
6217
6223
6239
6257
6271
6274
6278
6282
6285
6290
6409
6412
6414
6415
6442
6446
6449
6451
6472
6488
6491
6505
6510
6515
6526
6531
6535
6548
6550
6561
6584
6592
6605
6640
6669
6670
6683
6691
6715
6739
6757
6770
6781
6789
6805
6806
6830
6831
6873
6890
6919
6944
6949
6962
7610
7711
7722
7734
7749
7750
7751
7769
7780
7786
7795
7799
7822
7828
8016
8021
8028
8033
8039
8046
8069
8070
8110
8112
8131
8150
8210
8271
8299
8358
8415
8422
8454
8464
8926
8932
8937
8996
9105
9904
9907
9910
9914
9917
9921
9933
9939
9941
9945
9958
